name: microbiotAMR
channels:
  - hcc
  - bioconda
  - conda-forge
  - defaults
dependencies:
  - _libgcc_mutex=0.1=conda_forge
  - _openmp_mutex=4.5=2_gnu
  - binutils_impl_linux-64=2.40=ha885e6a_0
  - bioawk=1.0=he4a0461_10
  - biopython=1.83=py310h2372a71_0
  - bzip2=1.0.8=hd590300_5
  - c-ares=1.28.1=hd590300_0
  - ca-certificates=2024.2.2=hbcca054_0
  - chopper=0.8.0=hdcf5f25_0
  - clang=18.1.3=default_h90ac42e_0
  - clang-18=18.1.3=default_h127d8a8_0
  - emu=3.4.5=hdfd78af_0
  - fastp=0.23.4=hadf994f_3
  - flatten-dict=0.4.2=pyhd8ed1ab_1
  - icu=73.2=h59595ed_0
  - importlib-metadata=7.1.0=pyha770c72_0
  - isa-l=2.31.0=hd590300_1
  - k8=0.2.5=hdcf5f25_4
  - kernel-headers_linux-64=2.6.32=he073ed8_17
  - keyutils=1.6.1=h166bdaf_0
  - krb5=1.21.2=h659d440_0
  - ld_impl_linux-64=2.40=h55db66e_0
  - libblas=3.9.0=22_linux64_openblas
  - libcblas=3.9.0=22_linux64_openblas
  - libclang-cpp18.1=18.1.3=default_h127d8a8_0
  - libcurl=8.7.1=hca28451_0
  - libdeflate=1.18=h0b41bf4_0
  - libedit=3.1.20191231=he28a2e2_2
  - libev=4.33=hd590300_2
  - libffi=3.4.2=h7f98852_5
  - libgcc-devel_linux-64=13.2.0=h95c4c6d_106
  - libgcc-ng=13.2.0=hc881cc4_6
  - libgfortran-ng=13.2.0=h69a702a_6
  - libgfortran5=13.2.0=h43f5ff8_6
  - libgomp=13.2.0=hc881cc4_6
  - libiconv=1.17=hd590300_2
  - liblapack=3.9.0=22_linux64_openblas
  - libllvm18=18.1.4=h2448989_0
  - libnghttp2=1.58.0=h47da74e_1
  - libnsl=2.0.1=hd590300_0
  - libopenblas=0.3.27=pthreads_h413a1c8_0
  - libsqlite=3.45.3=h2797004_0
  - libssh2=1.11.0=h0841786_0
  - libstdcxx-ng=13.2.0=h95c4c6d_6
  - libuuid=2.38.1=h0b41bf4_0
  - libxcrypt=4.4.36=hd590300_1
  - libxml2=2.12.6=h232c23b_2
  - libzlib=1.2.13=hd590300_5
  - minimap2=2.28=he4a0461_0
  - ncurses=6.4.20240210=h59595ed_0
  - numpy=1.26.4=py310hb13e2d6_0
  - openssl=3.2.1=hd590300_1
  - pandas=2.2.2=py310hcc13569_0
  - pathlib2=2.3.7.post1=py310hff52083_3
  - pip=24.0=pyhd8ed1ab_0
  - porechop=0.2.4=py310h0dbaff4_6
  - pysam=0.22.1=py310h41dec4a_0
  - python=3.10.14=hd12c33a_0_cpython
  - python-dateutil=2.9.0=pyhd8ed1ab_0
  - python-tzdata=2024.1=pyhd8ed1ab_0
  - python_abi=3.10=4_cp310
  - pytz=2024.1=pyhd8ed1ab_0
  - readline=8.2=h8228510_1
  - resistomeanalyzer=2018.09.06=hfc679d8_0
  - setuptools=69.5.1=pyhd8ed1ab_0
  - six=1.16.0=pyh6c4a22f_0
  - sysroot_linux-64=2.12=he073ed8_17
  - tk=8.6.13=noxft_h4845f30_101
  - tzdata=2024a=h0c530f3_0
  - wheel=0.43.0=pyhd8ed1ab_1
  - xz=5.2.6=h166bdaf_0
  - zipp=3.17.0=pyhd8ed1ab_0
  - zlib=1.2.13=hd590300_5
  - zstd=1.5.5=hfc55251_0
  - pip:
      - argparse==1.4.0
      - scipy==1.13.0
      - termcolor==2.4.0
      - tqdm==4.66.2
prefix: /home/kangm/anaconda3/envs/microbiotAMR
